slice,VertLevel,area,angle_AP,angle_RL,diameter_AP,diameter_RL,eccentricity,orientation,solidity
579,11,39.446931824429534,-1.3769254366319703,16.73528155188297,6.01375691577142,8.474209295495978,0.7045498805734035,7.450030062333651,0.9603715170278638
580,11,39.03447252281777,-1.406375856498678,16.847911719739102,5.973135785260132,8.401607634503355,0.703227965125749,6.042764216189072,0.9616543243478228
581,11,38.73565388018741,-1.435741160377366,16.960273105662505,5.946199365011689,8.332384073082098,0.7004484944371241,4.920163437243395,0.9631010069057628
582,11,39.57324182737095,-1.464255304375858,17.069946672258588,6.056110047391697,8.296941507374498,0.6830934713387941,6.644213330286742,0.9661864418435132
583,11,40.48587924409047,-1.4925992317437111,17.17908559757907,6.144150312036547,8.31261610201136,0.6730928422620708,8.28923248247645,0.9700785508574266
584,11,41.73623927372192,-1.5201771842736904,17.28581863715936,6.133773696873179,8.558317918198297,0.6961869862825784,9.578613300824788,0.9776006932140734
585,11,42.725072082767085,-1.5474998363098968,17.39175406733592,6.145654640438762,8.710275586306723,0.7083904559197245,9.841234746712107,0.9793660745413147
586,11,43.01649897024879,-1.5741416870293756,17.49556253910254,6.21688907394821,8.612248859539124,0.6915521272012402,7.365831199370043,0.9657800931234752
587,11,43.19203640741565,-1.6004431713127472,17.598313283536687,6.262963269798007,8.562365860195047,0.6818791578777065,5.878323325107508,0.9585125048312608
588,11,43.16476730653152,-1.6261490143329305,17.699213005139004,6.265007049743414,8.596734383842142,0.6847455674953365,6.119632878734153,0.9623021045088892
589,11,43.02182789607386,-1.6514294437565704,17.798797681636334,6.2441917710494055,8.6416895950277,0.6911484495091025,5.374732302700385,0.9676120477379184
590,11,42.74008411412794,-1.676199376864358,17.896804304007674,6.195945621988101,8.699348831259416,0.7017950983982316,3.4463795710741216,0.974746403228629
591,11,42.31291179757514,-1.700458868590491,17.993241305173296,6.18845773698672,8.700495249102406,0.702834403108646,4.628587927438328,0.977940278863847
592,11,41.7645490355166,-1.724292992498578,18.088370288667488,6.214935072035277,8.654547651621458,0.6958675876701313,8.402930523794613,0.9778504212861546
593,11,41.74893103418579,-1.7475316669535272,18.18167775016203,6.2884884429645815,8.567344239215453,0.6782929057027097,6.948357115490037,0.969384770122524
594,11,42.03773861041368,-1.7704300845781118,18.27394434194249,6.388942405825742,8.4565660754237,0.6546565857187697,2.505831704522114,0.9561329511955
595,11,41.31401187471451,-1.7926480644874154,18.36414011252575,6.280372007773343,8.390767585172682,0.6627823157882496,1.7888110573466445,0.9570354592329114
596,11,40.21058477204268,-1.8146108802534884,18.45355932516006,6.093417474378358,8.341836472499441,0.682818814627762,2.468854696593354,0.9632458398819864
597,11,40.47303247662627,-1.8358082897171235,18.540660938450024,6.029326080193807,8.431546183888406,0.698566189438236,2.96010007727662,0.9658521923620932
598,11,41.03900791615552,-1.856835608891328,18.627247529663464,5.992537605833798,8.55206496729119,0.7133604255755903,3.409390289390231,0.9676576496935408
599,11,41.35678964837153,-1.8770125724990112,18.711272177539392,6.031538837932697,8.568734000406698,0.7102703945852755,3.3222075323844718,0.9572895322263218
600,11,41.64975200985622,-1.8971045005500424,18.79504063108157,6.078119040677487,8.575018058493475,0.7053919368821939,3.181377478466774,0.9457040572792362
601,10,40.39988252545654,-1.9336762716152636,18.949609236460475,6.030034813529585,8.393633182315853,0.6956238080521536,6.318821909956748,0.9692404268675456
602,10,40.99439533159707,-1.951455999238116,19.025888542660624,6.087101391084154,8.437274666291517,0.6924648186169574,3.824188377514859,0.9773429388495302
603,10,41.54015389733619,-1.9691960568220843,19.102050057703277,6.1343294251822975,8.4895808341907,0.6910301980835257,1.5136532381267815,0.9848193701357714
604,10,41.01331917424445,-1.9860633735506,19.175620167280915,5.965109503239072,8.732510048407326,0.7275316933889103,3.253282745922572,0.9785220261156552
605,10,40.566524951921465,-2.0028513587227685,19.248955816004194,5.821271423132012,8.94707729487681,0.7592869830695472,4.755726729176283,0.9716391059141064
606,10,40.96015598767041,-2.0188063625533013,19.31982962575665,5.943942682304681,8.863843880001298,0.7412071136903313,3.76772270473816,0.9586076358075176
607,10,41.42001878362564,-2.0346423815026244,19.39035338130126,6.072538745715027,8.784468640550905,0.7223664306357552,2.9790449724948216,0.9481241944932632
608,10,42.32142664762278,-2.0496851679105546,19.45854344212689,6.240633504043224,8.730814570601304,0.6984536564121112,3.519209188216712,0.9546276117945712
609,10,43.10240277809299,-2.0645693238956024,19.526268884348745,6.360928197785991,8.710454167333305,0.6827949801351066,3.6201470089076775,0.961196127460409
610,10,43.3113281743103,-2.0786999853719617,19.591787388202675,6.254172584747971,8.848238680802922,0.7063432691046396,1.634759453201756,0.9680738603577612
611,10,43.37385790724477,-2.092632378182764,19.65672768853379,6.161815428249579,8.937832548060255,0.7243640652126015,0.2363448472673218,0.9744634512834824
612,10,42.90936325236104,-2.1058510037975577,19.719586456182743,6.121292715293842,8.853940088953376,0.7224858870189083,0.9510328605102424,0.979095731111333
613,10,42.80078524577993,-2.118831729249929,19.781754363455388,6.126904409751189,8.78155985724456,0.7161306928275991,2.090680584745109,0.9816151872269284
614,10,43.70063774272288,-2.131138404242104,19.841964832995128,6.263230258545605,8.741797603163583,0.6970906199763787,4.434380823457163,0.9781483094911346
615,10,44.41403778224289,-2.1431675537044086,19.90137266018377,6.349828484011121,8.743204747466446,0.6872684561085048,5.294440764358955,0.972634053568086
616,10,44.70126077622478,-2.154562359098438,19.958945876284204,6.322763570439154,8.838713373789517,0.6985157984882804,2.7633228816944437,0.9624400760741694
617,10,44.8822556368655,-2.1656400190507394,20.01560548812164,6.264383552473987,8.944059636066793,0.7132114664150523,1.6911698251982918,0.96054486715336
618,10,44.86407274749156,-2.176123031299802,20.070552091965947,6.147287713771573,9.067851465758205,0.7343727447424422,3.3545758177678198,0.974209849307127
619,10,45.20536089830268,-2.186249282925384,20.12447489339159,6.168204153078346,9.112412422739697,0.7350880859984673,3.839608448418361,0.9793410971421684
620,10,46.10582622273503,-2.1958205735811065,20.176805113277076,6.40380635817719,9.033725355505762,0.7039986362545912,2.4916158494171423,0.971197647148082
621,10,46.677085181266754,-2.20499549239031,20.228002038677424,6.56274304741015,8.977215169226982,0.6822264511238124,1.5349655524369374,0.9698162663445874
622,10,46.820375864127655,-2.2136551277990386,20.27772568124711,6.622014566017461,8.949534928189903,0.6725667099900597,1.08706024808405,0.9772255754888628
623,10,46.334895971635376,-2.221878783285389,20.32620718445004,6.603737930951128,8.914046654184965,0.671657132788981,0.7197750271017905,0.9769009551381987
624,10,45.16348454239417,-2.229626824310964,20.373333626525596,6.500863310059002,8.870040526033268,0.6802931889690009,0.4404389879783976,0.9681393207930556
625,10,45.23965353211377,-2.2368992796395526,20.41910967151196,6.558632201931008,8.840419132751077,0.6696981944300584,1.1140874410889934,0.965814737953619
626,10,46.45943790588077,-2.2437357814125707,20.463647852499907,6.763657647170137,8.8239837464326,0.6414747367320668,2.661305012080749,0.96939078566108
627,10,46.460244592774245,-2.250057093140659,20.506727904798005,6.758211512052634,8.849035206642457,0.6446064243767836,3.276977178936485,0.9723395749960116
628,10,45.523376135918845,-2.255982104834186,20.548686319642368,6.590864161276184,8.905999625720263,0.6718574545928147,3.1760759579952818,0.9748058578905358
629,10,45.13181431656773,-2.2613523226640053,20.58907933837233,6.492423550515738,8.954440291635665,0.6885436716501979,2.5962591246796825,0.9815461903355478
630,10,45.09080676418365,-2.266365887295727,20.62846603102873,6.43828012976558,8.997401401946666,0.6984382231055933,1.7085679691234004,0.9910341260630162
631,10,45.42265759836951,-2.2707850538594503,20.66618046156606,6.490590869212612,8.956985490476953,0.6884768607466859,2.1101006637109725,0.9829326218618736
632,10,45.953366238726005,-2.274887208120241,20.703003018973213,6.599677160764811,8.872101834057526,0.667925677686817,3.199219411708605,0.9654500830321384
633,10,45.17713656972944,-2.2783553587971004,20.7380467862024,6.482774190590409,8.853825618349033,0.6801920133310217,2.6217652597841887,0.9609773484557222
634,10,43.82912139039092,-2.281546132905989,20.772312332728724,6.267000918410618,8.864690157951575,0.7068160134082588,1.315185464143874,0.9621964032401332
635,10,43.90272920840298,-2.284063295671517,20.80469283485964,6.3595674626552645,8.70590838210203,0.6793042969545771,1.866651150084429,0.9700979629767232
636,10,44.47808631959761,-2.2863427132570355,20.836408027203948,6.560959824461477,8.487251436092928,0.6326858570193945,3.073897594229995,0.980358053872906
637,10,43.881994749736606,-2.2879089085644235,20.86613213012576,6.415483650628241,8.55596795863042,0.6582705849302958,3.5878141951753277,0.9804676298550709
638,10,42.960500768471256,-2.2892769865723306,20.89530315265244,6.173655105784047,8.70451044465308,0.7039117483539983,3.9091391730094815,0.9777576183611196
639,10,43.04387995020489,-2.289892227265879,20.922377184801377,6.156639624472168,8.738280114197437,0.7096376032851821,3.16011886278445,0.9793323627115909
640,10,43.338811376780406,-2.290348975893247,20.949009745291846,6.1869532091670925,8.747887085535837,0.706960235375836,2.185762702441699,0.9818091609240456
641,10,45.21826224333184,-2.2900132671539084,20.9734394930112,6.389562928652506,8.823563206449519,0.689311454826153,2.514367698539681,0.9748462377691308
642,10,47.33539102587964,-2.289558689809564,20.99753881881488,6.618017068356492,8.909149699799492,0.6694169623804195,3.0384168681037727,0.9664673564091107
643,10,45.84964871513626,-2.288272029132561,21.01932952218717,6.413467793409704,8.919325186382844,0.6938521279458133,2.301867211632543,0.9695180352904073
644,10,44.02077582407943,-2.286906122423875,21.040900356756467,6.167680098019983,8.922318672321753,0.7225091657027433,1.445260524110327,0.9736572437184956
645,10,46.03411467354904,-2.284668499628405,21.060056705889767,6.413589568286206,9.008243588449204,0.7017174175631328,1.3044778920290974,0.9750550505853712
646,10,48.22209951122437,-2.2823912533744446,21.07910330568507,6.681848909718607,9.097938115039767,0.678677997337316,1.1962327170133658,0.9763282482903736
647,9,47.13606378711503,-2.27615268281774,21.11143704172147,6.490504848939112,9.182955163282628,0.7074138636546371,1.858315220591544,0.946875
648,9,47.78067728632066,-2.272230960123492,21.124836895764485,6.651426848126399,9.13804027733456,0.6848540664709185,1.2740808463214792,0.9619774072159024
649,9,48.4252907855263,-2.268309237429244,21.138236749807504,6.812348847313686,9.093125391386495,0.6622942692872,0.6898464720514146,0.9770798144318052
650,9,47.919713550267446,-2.263555357512605,21.149340835456982,6.824986473546199,8.993334769092684,0.6509228197803223,1.5475238042926542,0.9744309322001712
651,9,47.35936532765314,-2.258761851061568,21.16033559880201,6.830562939161818,8.890931016496696,0.6400841487342466,2.473863598748718,0.9709367504710356
652,9,45.99239649739733,-2.2531757820306995,21.1691459026022,6.584187576381671,8.955990137704415,0.6752511746674188,3.2979257261741037,0.9778526483901324
653,9,44.54476560637737,-2.247510456741848,21.1777377604479,6.312617030761947,9.037795546292504,0.7150187702985158,4.111760086896421,0.9858095542740524
654,9,45.87120257924843,-2.2410921614781008,21.18425585811804,6.459847957229805,9.066126934489771,0.7009751061728607,2.912550146007676,0.9756783126935968
655,9,47.63565026747072,-2.234554976218317,21.190446519970987,6.673205431922017,9.086015056309542,0.6784349273487711,1.3954911048645502,0.9626910478292928
656,9,48.194688710180834,-2.2273044125103505,21.1946735755486,6.717595877247741,9.1375710351895,0.6778381121667382,1.403664518916205,0.9620874067190714
657,9,48.48585843166603,-2.2198953202583422,21.198464274176136,6.724438093825358,9.196164315638384,0.6821176000162734,1.750778478566699,0.9642356819986464
658,9,47.89645068426216,-2.21181244095576,21.20040103938889,6.736816874533041,9.104265053694652,0.6721778896448064,3.004381673431438,0.9649345391708952
659,9,47.04804956365563,-2.203531388991243,21.201792530067884,6.75082405645545,8.968103279282504,0.6580560621495152,4.524599349241542,0.9652070968998128
660,9,47.0284065065426,-2.194616142177779,21.201439343931696,6.741520475362614,8.98568099475795,0.6609649157323767,3.774531045528138,0.9675892192359576
661,9,47.31954772323963,-2.185463072295959,21.200431903989813,6.723475358139062,9.060911018941244,0.6702602747195455,2.173105499493416,0.9707624282998129
662,9,46.804740153195375,-2.175715401482205,21.197788692631644,6.62309115223915,9.077806531550824,0.6835989830668202,1.1226202594612436,0.9771186019358242
663,9,45.913823149338526,-2.1656902502335504,21.194382121279208,6.48428203829027,9.067479272092672,0.6988245877821444,0.3292404955635954,0.9849601590388422
664,9,46.51395529515003,-2.1551100945692627,21.18944839798395,6.579344306075293,9.051621579486792,0.6856889028522649,0.1020848783395621,0.9805600724704184
665,9,47.96611552648633,-2.144212793524613,21.18364201643565,6.808047363422547,9.03260363936792,0.6563467666965548,0.1984859163575942,0.9691647609468852
666,9,48.561974415634495,-2.132800088030594,21.176416881917305,6.9268773673585065,9.007648139583354,0.6391370586535982,0.2779360252419014,0.9689621087543858
667,9,48.56500929865241,-2.1210305640716265,21.16820953380432,6.969641411240491,8.978582021568691,0.6303267239194709,0.3456508754951682,0.9765082207141408
668,9,48.56847990301055,-2.1087852398912226,21.15869167670254,6.912049128707681,9.067918949287536,0.6452968690692829,0.3005639446826461,0.9750575425388932
669,9,48.57231360848553,-2.096143415526289,21.14808172877677,6.770826574162541,9.255925081784309,0.6800840807890441,0.1614755296486336,0.9661095392511436
670,9,48.72199737455,-2.08306540019651,21.136269426380665,6.700154147643743,9.35196840797981,0.6976447574951933,0.2017716672319414,0.9602633368379472
671,9,49.01753120120397,-2.0695511939018854,21.123254769514222,6.700031849151287,9.356048927874046,0.6979788991877304,0.4214523574325695,0.9575189352993032
672,9,49.45352004909227,-2.055640411644164,21.109145888716206,6.744631819821479,9.384249344858103,0.6952886557762271,0.7808896629259994,0.9601164746592034
673,9,50.05805492246177,-2.041253738230726,21.0937239392003,6.842898513486851,9.44139363834995,0.6889691502398754,1.3080349067707924,0.9691243430973566
674,9,50.65574440511489,-2.0265101102613485,21.07731593768366,6.889277558142471,9.505406006017282,0.6888647551339641,1.6059503079236994,0.971902237165395
675,9,51.243546101177685,-2.011250881266724,21.059483638832624,6.860707776450671,9.579338925271422,0.6977377417609112,1.572755936299439,0.96568127936549
676,9,51.62118322731884,-1.9956743261269445,21.04077356649725,6.856672460195941,9.618345491186178,0.7012539949938735,1.2776453229120988,0.9641621086316116
677,9,51.63103235609712,-1.9795424502331445,21.02052739056429,6.895572458456079,9.596230938757008,0.6953959647873627,0.5241812864393687,0.9708710652632808
678,9,51.54791292876846,-1.963132884139009,20.999511891195937,6.896841044777705,9.601092071921393,0.6955139204080549,0.1770984702251272,0.9735702534420116
679,9,51.265575166924975,-1.946128267615584,20.976847841608876,6.817470891231092,9.6637582456434,0.7084375599441821,0.7008325545647831,0.9676770806501604
680,9,50.904119335684015,-1.9288856048274807,20.953523154798187,6.757419584377873,9.684825622749056,0.7163116034835949,1.5099296605767176,0.9633510587188162
681,9,50.33168198604979,-1.9110081520002375,20.928436768724502,6.748885202040371,9.594962875544455,0.710720057698436,3.0799948243813926,0.9632041057488238
682,9,49.95758145605299,-1.892932305212208,20.90279873204296,6.756742222059527,9.517230417528877,0.7041840525625741,3.869932660611589,0.9635059641935002
683,9,50.25782611282348,-1.8741819189575013,20.875285083294703,6.820330010091327,9.480740942755956,0.6944368856343218,2.007437583088549,0.9653337814480508
684,9,50.39956388200692,-1.8552727997063108,20.847329134735347,6.852445081232521,9.46137276548826,0.6893730360791147,0.5894481016784148,0.9651800766283524
685,9,49.82802065704871,-1.83564938197094,20.817382837026,6.742932926365987,9.519050426994063,0.7053841147026119,1.171733802776385,0.9561095224745352
686,9,49.41523435909368,-1.8159069010649505,20.787246389745192,6.65059921837663,9.576761750135596,0.7195330236275818,1.762301666856344,0.9495978703484372
687,9,50.00790859882546,-1.7954103534117092,20.75590566184517,6.667062340609385,9.634686263636752,0.7218881911285459,2.405323229822229,0.9592925977312292
688,9,50.54769125186334,-1.7748344213795688,20.72453285067052,6.678496376248654,9.697789160534684,0.725026466195433,2.8570476062805272,0.9692151618964376
689,9,50.55855803796229,-1.7534646455584413,20.692839206749625,6.639639545953077,9.812675891400405,0.7359958169215511,1.3958001176630226,0.9814160938858096
690,9,50.541392545985936,-1.7320551731175948,20.661129485273616,6.603700244262463,9.911943221118378,0.7456643174056543,0.0568884186024414,0.9926093186512568
691,9,49.93554921442819,-1.7098120716626553,20.62908213514015,6.629029043276079,9.683203126733725,0.7280149628074453,1.2870283002371885,0.9826406917142924
692,9,49.329705882870456,-1.6875689702077157,20.597034785006684,6.654357842289694,9.45446303234907,0.7103656082092362,2.517168181871936,0.972672064777328
693,8,52.34247691825002,-1.640285172859565,20.530758269818232,6.923794714606724,9.704289661773984,0.7006774572500186,1.455919752482861,0.9804108934543716
694,8,52.03995955355092,-1.616918251906412,20.49885195064713,6.812033026821879,9.79875362747208,0.7181519524208893,2.699120284871884,0.9698317891174296
695,8,51.737442188851816,-1.593551330953259,20.46694563147603,6.700271339037033,9.893217593170178,0.7356264475917599,3.9423208172609066,0.9592526847804876
696,8,51.92999621753664,-1.5694185857061602,20.434727139423075,6.715756372916377,9.834126511990492,0.7303471988595917,5.605272164622122,0.9679619648074872
697,8,52.17755817881967,-1.5452007488708457,20.40247396149436,6.745379931425075,9.757973758935496,0.7225397563604191,7.314862491424694,0.9788143986527024
698,8,52.190086568604265,-1.5203021108782548,20.36994266474432,6.777128973932982,9.715124330921467,0.7164323677384948,5.379988489246006,0.9795286599234896
699,8,52.14385656551425,-1.4952332725963455,20.33734183828896,6.809409387440692,9.680600734167683,0.7107499925858827,2.533998404822005,0.97770837805067
700,8,51.92061812798782,-1.4695686762393674,20.304497101711053,6.813545597653362,9.625080768203112,0.7062697364825068,2.14619677950961,0.975779114861048
701,8,51.62151893284579,-1.4436487549930743,20.271547832223497,6.805620006453872,9.560562358291062,0.702304674257375,2.8119044938164794,0.9738031453927962
702,8,51.64996604820411,-1.417218137924582,20.238389017443843,6.77586811017042,9.59921908853694,0.7080179265126635,2.997798897560344,0.9728061818162734
703,8,51.89677737056265,-1.3904470569746237,20.205090505802797,6.731565343830992,9.70665924555477,0.7201833884215654,2.8638177609288715,0.9724618888342368
704,8,51.884426418844896,-1.363250360570928,20.171616971278212,6.603274428597646,9.887753254986976,0.7423063172179144,2.177345109414332,0.9772056198449892
705,8,51.61291319305084,-1.3356280487134948,20.13796841387011,6.390995364470383,10.142501116833555,0.7743867129017105,0.9383809430167238,0.9870373748485308
706,8,51.79736560998115,-1.3076652185385584,20.10417951496333,6.338594309939828,10.2257926759186,0.783799419444967,0.6224000196782351,0.9899570484486908
707,8,52.66576649099801,-1.2791916108873669,20.07018010380855,6.526010269804335,10.05189978086134,0.7592105922774142,1.6908939609284337,0.9825085999437776
708,8,53.02111822962978,-1.250462597169563,20.03607519286476,6.638543869450832,9.928841182521934,0.7435891129928778,2.2154191018653804,0.9741014252010208
709,8,52.17935530269632,-1.2211376359629968,20.00172411574659,6.576351961921972,9.92439594319086,0.7488914454353798,1.4706837087380658,0.9634572225699628
710,8,51.62276747756116,-1.1916423940844056,19.967302542171357,6.547464869752409,9.90587629028426,0.7502592689974177,0.9287584431435358,0.956837184925162
711,8,52.2068800596192,-1.1614660295177135,19.932598982767825,6.651797039020035,9.83105898307557,0.7358890570375991,1.198073687680148,0.9663138072253912
712,8,52.70540926495948,-1.1312045205159436,19.897860093106505,6.7304365607996575,9.782105311284068,0.725391986695131,1.4465265918015506,0.9743548963851656
713,8,52.433688079839854,-1.1001767115984715,19.862803231125035,6.577842255187237,9.96592435824726,0.7497531909088185,1.5072184321860618,0.9694761872808466
714,8,52.16196689472022,-1.0691489026809995,19.82774636914357,6.425247949574817,10.149743405210454,0.774114395122506,1.567910272570573,0.9645974781765276
715,8,52.74697660286673,-1.037269618118421,19.792335380458532,6.466390496322685,10.20834336431729,0.7737919520702278,1.7035798442946863,0.9650043762030296
716,8,53.33198631101324,-1.0053903335558434,19.756924391773502,6.507533043070553,10.266943323424126,0.7734695090179495,1.8392494160188,0.9654112742295315
717,8,54.174848913586594,-0.972744702290941,19.72119394401899,6.583022214927524,10.26960611671533,0.7674458399359626,1.5057192958817502,0.9720319409236864
718,8,55.04636183776294,-0.9400139213924472,19.685428000812312,6.662327678463284,10.266053669360357,0.7607887012951192,1.120055876649015,0.9793430263586916
719,8,55.00353813447562,-0.9066019361010536,19.649377428894677,6.688316442420784,10.260637369274033,0.7583503868754657,1.4172479245110905,0.9759931246985022
720,8,54.73213027432237,-0.8730196497114353,19.6132556997993,6.70097603148372,10.254755106004874,0.7569667785111099,1.8851538391468716,0.969977976264514
721,8,54.46053112595944,-0.8388413118141553,19.57688433624326,6.681187863363551,10.26550815213863,0.759187714952013,2.312596249152364,0.967464458365514
722,8,54.18884999693522,-0.8044075232707347,19.5404059864898,6.647493513593481,10.283390616587925,0.7629534563094557,2.722697157173448,0.9664516392672232
723,8,54.96596910434416,-0.7694628435219594,19.50371316152825,6.730449931751447,10.30633333286912,0.7571474450319566,3.3719789126176143,0.970277466326256
724,8,56.44228836937521,-0.7341775696362808,19.46687735309465,6.891173528528102,10.33264955037159,0.7449602653311631,4.180714566343838,0.9773290574901708
725,8,56.5052377529249,-0.698466568725544,19.42986239476004,6.934926835202452,10.310666827129689,0.7400145610980622,4.27369456227187,0.9755060473020096
726,8,55.15481725499321,-0.6623298407897491,19.39266828652442,6.861709851774496,10.240385163143417,0.7423103323326538,3.650918900401711,0.9648084357617724
727,8,54.838398878481584,-0.6258525499553852,19.35533052074171,6.836827970368619,10.256624717050816,0.7453763494972891,3.276761459962522,0.9608948758908245
728,8,56.07298368410006,-0.588864414773168,19.317777268638373,6.884448741995864,10.40264609779872,0.7495977355569902,3.2755313516697897,0.96715739352381
729,8,56.775787478546185,-0.5516208764282288,19.28011601931965,6.9392465028458,10.443803374331088,0.7468733215272152,3.354735398378423,0.9720880561899256
730,8,56.23776891359018,-0.5137813973702715,19.242202776498345,7.010790571882018,10.2402777410272,0.7279420406219961,3.621619140090243,0.9739110572666776
731,8,55.75685440983195,-0.4757716657406566,19.204217365639,7.055837756314165,10.092239972484474,0.7148977225336389,3.565454840344998,0.9753149839966404
732,8,55.50435615086487,-0.4370809238244115,19.16594328262748,6.994897402330022,10.166153662986416,0.7254012557127307,2.217098374771459,0.975042613339448
733,8,55.28042072540786,-0.3983050655991597,19.127633030404105,6.928203935762915,10.247894131272457,0.7366825544440946,1.1360863722400238,0.9743334932571598
734,8,55.31355080154143,-0.3587631605928488,19.088997255273966,6.809732455949143,10.40007559961533,0.7549637431459065,2.4611745370874765,0.96969362834901
735,8,55.346680877675006,-0.3192212555865378,19.05036148014383,6.69126097613537,10.552257067958204,0.7732449318477185,3.786262701934929,0.9650537634408602
736,7,57.78605875651443,-0.2343960638429538,18.968465005069355,7.026812265401862,10.499625425433257,0.743042269183458,5.294504738098871,0.9749243406830956
737,7,58.11842243895747,-0.1871531069972504,18.92337793925064,7.158811771890748,10.40587349642114,0.7252286825070944,3.2958967514143502,0.967332676296776
738,7,58.503753423391366,-0.1397477361742856,18.878221332708744,7.281215083313333,10.3262019155036,0.7090608676969097,1.7497999647270674,0.9618307005499402
739,7,59.15392091777959,-0.0915302954650141,18.83271702255089,7.355637419404413,10.31693207505895,0.7011219122176192,2.466259178025976,0.9667771680005248
740,7,59.2505466357671,-0.0429880979300931,18.78707330257312,7.338509254566305,10.334924992573216,0.7036437211436365,3.3718412036563503,0.9710965641451924
741,7,58.2400888009532,0.0062036132561264,18.741150762955463,7.13828008786982,10.407443426005315,0.7270870588802694,4.655668853949654,0.9741618176780272
742,7,57.85116734657522,0.0558823388823389,18.69501861514541,7.016986988893241,10.49014730746035,0.7432099701318371,4.068025280691158,0.977446730717555
743,7,58.08378227263316,0.1060480789485444,18.64867685914296,6.974629957636569,10.583036636938322,0.7520124548983397,1.608910483880861,0.980951303263776
744,7,58.34937827119212,0.1568629907787566,18.60205496654047,6.9552162879766,10.668974460070396,0.75823631265572,0.9005802607701963,0.9796005770528596
745,7,58.63146480600159,0.2080024884909722,18.555293005637967,6.947274299114982,10.751436530029515,0.7631708569085394,1.0676423245093454,0.9758222014633744
746,7,59.793798594174966,0.2599531989717273,18.508180049079307,6.975631363519628,10.821274399601784,0.764497529384015,1.7705902099788893,0.97636761109815
747,7,61.13218183302113,0.3120661520061902,18.460996893389414,7.011248238577526,10.88858742909668,0.7651026275040221,2.580715259794512,0.9777777777777776
748,7,62.47199392534338,0.3651522254708042,18.413391551875183,7.11841591855759,11.033161565409332,0.7640373125495541,2.5941243348175256,0.9715951460917904
749,7,63.59170425829058,0.4184004241797054,18.365715680730258,7.193611416755391,11.167667056903388,0.764834293929188,2.555487170967328,0.9655877635761926
750,7,63.61090579436244,0.4724592491100423,18.317687161431863,7.108946006041879,11.25182932430447,0.7749427569793313,2.256618812751072,0.9604566269125424
751,7,63.85054775152506,0.5268421896736861,18.269517251988237,7.046288011069088,11.351988639657124,0.7839606409994111,1.6976497586522694,0.9616754436474132
752,7,64.5310705508692,0.5818733615039435,18.22106456225411,7.027644847577733,11.484142050912926,0.7907973669593641,0.6184793127883761,0.9755941671793252
753,7,65.04646480556174,0.6373904859237107,18.17239929074821,7.020099516526972,11.57149879440871,0.7949462650981607,0.6882451751356519,0.9826873385159832
754,7,65.39673051560268,0.6933935629329876,18.12352143747053,7.023652017916806,11.614058870144476,0.7964073354158011,1.906947345694096,0.9829549576573868
755,7,65.0850971972116,0.7500442564256415,18.074359479614383,6.992946591095065,11.652400712587312,0.7998650188717953,1.7021327775623305,0.973289384370819
756,7,64.44251436460449,0.8070187581599841,18.02505546946901,6.945112200167537,11.68863343838368,0.8043210088969663,0.7855598400854631,0.9586572148702652
757,7,65.17941741208061,0.8648023465079244,17.97539550085395,6.985657136358089,11.755872723378609,0.8043006425777602,0.8584440607028536,0.9581156948794786
758,7,66.19221763557337,0.9227477521785844,17.925664340544955,7.043877937972257,11.829313320213249,0.8033850049896787,1.1292197129390922,0.9603923047906452
759,7,66.54317119566088,0.9816634990369766,17.875505037053607,7.050467874793668,11.934910557296115,0.8068166637100072,0.9098234548749944,0.9666575104606214
760,7,66.85915360831827,1.0407408683672834,17.82527421095055,7.056637807807731,12.028597055744374,0.8098354304709766,0.8484095910860195,0.9714621412670026
761,7,67.00028028382505,1.1006263500571631,17.77468577178896,7.060707721785059,12.062729861019571,0.8107897374351518,1.5769076986726525,0.9689638977554076
762,7,67.13067850054647,1.1608348594795483,17.723953956837715,7.071673085177792,12.10632464713088,0.8116572974920957,1.7907791177672958,0.9630347571194744
763,7,67.23961979969718,1.2216894243669445,17.67293539030716,7.096429347401336,12.16884339491441,0.8123513637345773,0.9753971598779712,0.9502438222348654
764,7,67.64677508022933,1.2830281815513924,17.621701264768838,7.146773486852511,12.20374534800374,0.8105645467012206,0.4242222252282355,0.9511381713297106
765,7,68.35214434214295,1.344851131032892,17.57025158022275,7.222705503531317,12.211030506398876,0.8062968463920254,0.1372543138180888,0.96571780440401
766,7,69.06679555990583,1.4073191720533775,17.518513824115225,7.225324925873402,12.283980586790232,0.8086392726830965,0.0970209494743212,0.97252540062291
767,7,69.78608775559334,1.470109758843356,17.46663203222698,7.191288051047126,12.3897631281797,0.8142867622743009,0.1801548586637425,0.9754469784141104
768,7,71.29657389315939,1.53370604530624,17.41438932777516,7.3672371918812765,12.376702610262162,0.8032013438915823,1.5443532533081183,0.9719219016913444
769,7,72.96529881910114,1.5974634717037048,17.36207444081063,7.585183535847512,12.339873480483224,0.788769343914079,3.164764545043481,0.967107494065785
770,6,74.15426271811707,1.7161230679525197,17.265367999651506,7.554891186094027,12.62672655393565,0.8012529511923643,0.908517708057234,0.9749079959852792
771,6,73.42333915816954,1.7843661228752166,17.210115699161403,7.302723657364159,12.891573909848042,0.8230638678929401,0.6337799716786856,0.97076617979735
772,6,72.9115607030251,1.852844853137536,17.154756809667496,7.104422371127956,13.10786838288667,0.8403707984144871,0.5045981256536346,0.9675049471758028
773,6,73.11200383849064,1.9220895282536288,17.099051505911234,7.081186372996165,13.166365986585571,0.843039773854191,0.8484729232774504,0.9671056111449976
774,6,73.5535394363464,1.9918050568111776,17.043132545749806,7.1251542381587685,13.153805181382754,0.8404616632381683,1.4801124380673811,0.9691458352550504
775,6,74.26630405439116,2.062050295490366,16.98697322213257,7.244726449527566,13.061303666165506,0.831980580809453,2.4354872596691908,0.973930564523568
776,6,75.95662341955227,2.133001024943005,16.93049269853265,7.337076733648081,13.182261658665396,0.8307627386384809,1.966296778014701,0.9785685563612392
777,6,78.05425726267853,2.204245708884582,16.87387834160661,7.41808454808181,13.39216111271409,0.8325712465749018,0.90353742000342,0.9831454076027246
778,6,77.87229370957425,2.276429934830728,16.816834767461263,7.332802563043078,13.378018634758291,0.8363799588144151,1.1079301340391154,0.9829910003912874
779,6,77.79239027298144,2.348848826150161,16.75968371144531,7.287368521288704,13.333556872543443,0.837306950638087,1.4002460875197582,0.9827401657927072
780,6,78.85364995400941,2.4220887894602656,16.70215626172215,7.476392739707474,13.212950680621024,0.8242025209327636,1.733284470729792,0.9834192871028964
781,6,79.05844916520756,2.4957387473605723,16.64444020251572,7.539292412622255,13.173042208414426,0.819924634406377,1.6273125065169145,0.9787936168126212
782,6,78.03973341950598,2.569974411818312,16.586454701190338,7.422014163388481,13.24841619294472,0.8282560952784714,0.8941829031284521,0.9665896728073964
783,6,77.69368242472022,2.6448534578009864,16.528172167986217,7.328157659727975,13.3875430372816,0.8366941906207318,0.5071962329749055,0.9708051681427942
784,6,77.71453947588856,2.720083439160898,16.46972761739369,7.247076653652889,13.561444168785709,0.845190450219446,0.309014799131312,0.9839767213003496
785,6,81.10240476941331,2.7961894745961957,16.41087714724766,7.485479260694186,13.729247405245353,0.8382505903420008,1.1869705179022303,0.9798244309464916
786,6,84.40952644566873,2.8725289445732427,16.351918315677846,7.724169946903907,13.878929023205243,0.8308128709138576,2.029260913829773,0.9729594802208426
787,6,83.74406275004773,2.9497431195380277,16.292552692983136,7.645537613760416,13.898796397461458,0.8350773243316393,1.5279242358174845,0.9630734202181712
788,6,83.12253380365487,3.027306610273233,16.233024007136727,7.557513427314988,13.989383441649013,0.8413337803641272,1.121433074099556,0.961879357435654
789,6,82.58155189751365,3.105510513254212,16.173196372178865,7.452270843149344,14.209623214044022,0.8512422411902433,0.8888253589212889,0.9766206228900858
790,6,82.42005545011735,3.184295619987533,16.113096390883815,7.446137681417697,14.252077803591948,0.8526142692786065,1.2270219386028844,0.9730682136200972
791,6,82.5241988238425,3.263487569347494,16.05280576715273,7.509381115389848,14.170082765146915,0.8480107944505426,1.964781524686381,0.9567102320430146
792,6,82.86712005332535,3.3420662520226387,15.991769087925729,7.553506855213843,14.107436700711752,0.8445543217034032,1.5262155384720593,0.9551723134483476
793,6,83.23948612485779,3.420367905808669,15.930493082491424,7.588307352836433,14.061656588424457,0.8418782294410538,0.8545251884668912,0.9567909344705834
794,6,83.26430273515706,3.496339726002536,15.867945762297722,7.53945035517309,14.219392371040584,0.8477556463721792,0.4859612656863942,0.9581025448521268
795,6,83.0639733157951,3.5715838473856207,15.805000017873292,7.481140192069618,14.330932112417427,0.8529172381496205,0.217396560916085,0.9619116177865767
796,6,82.32329342524619,3.645081491622827,15.741098055295112,7.400142431909837,14.331601354819997,0.8563608495582199,0.1888299793702239,0.971714600848002
797,6,83.17954966409522,3.717269997385921,15.676476859311247,7.482260779687456,14.282099902142894,0.8515315507302602,0.2811840155750245,0.972542341769054
798,6,85.45530468463132,3.78829482450536,15.611216344744548,7.709371223409429,14.188002276061646,0.8393485539142481,0.4810230453359682,0.9653920896764404
799,6,86.80449292661315,3.8574297693675472,15.544913920056471,7.793994616227563,14.191950975090244,0.8357014409127916,1.0605074111928277,0.9643994580840888
800,6,87.8685836982706,3.925983211996734,15.478290907638742,7.834775839536824,14.22606777415264,0.8346807537004293,1.7568057266176602,0.965301478953356
801,5,84.22219538419533,4.0426012452848425,15.358309455763042,7.502852961439707,14.332374193054887,0.8520316956858247,1.3210663815061034,0.9679810257930626
802,5,83.91727282459325,4.102240500300381,15.29328447857166,7.502399213126264,14.244850054964926,0.850048730246584,2.153320458450771,0.9610154526338472
803,5,83.84311775641997,4.161607685627107,15.228107899629771,7.507814816762289,14.173198805477409,0.8481731550776355,2.791688814463303,0.955568279532893
804,5,85.49971887396269,4.218934348287749,15.161794307559108,7.557250560019324,14.220594220508204,0.8471030069358789,1.9759142634848204,0.9615091068688972
805,5,86.46416059068115,4.275717226444092,15.095176616416436,7.573891059020679,14.264750475068723,0.8473797561481681,1.305356473554215,0.9652200029699128
806,5,85.17908425472066,4.330732804961467,15.027570603289742,7.483947014191077,14.29837945810085,0.8520339217611056,1.1067531570292122,0.9616836225572164
807,5,84.58666351845677,4.384933244509457,14.959507091501392,7.441758294315976,14.342264261419317,0.854854426604269,1.1783460328539026,0.9586862890232636
808,5,85.26411138163658,4.437639262613577,14.890604832166671,7.487121003524126,14.40495140192941,0.8543132200361799,1.74529859465303,0.9566772081003404
809,5,85.32575001139348,4.4892591486607305,14.821090767172722,7.532476222149185,14.37287835147064,0.8516016568801252,2.048063894522196,0.9565105936863209
810,5,84.6946032535496,4.539657136143798,14.750888420812135,7.577823013868266,14.234200086171896,0.8464484425626092,2.053618524720156,0.958416754094818
811,5,85.84176783586648,4.588698356684768,14.67991905086731,7.721288385296118,14.212422150584269,0.8394764967836763,1.882902694806968,0.9639181599230354
812,5,88.23375035629587,4.63678984036627,14.60841276441352,7.933436762520109,14.272474445794415,0.8312314389817517,1.5887975428159755,0.9719362375450572
813,5,89.02755166230371,4.683254273292001,14.535983323688113,7.941973786732293,14.399822060082068,0.8339973567684741,1.0231836562053864,0.9709204562396572
814,5,89.15544412896924,4.729040768402828,14.463169235349532,7.865672747189559,14.555209390652012,0.8413511810504661,0.3444411301699657,0.9661405670478308
815,5,88.67245286599504,4.772930269173317,14.38927494920502,7.8507920529886,14.501979997393756,0.8407680445582763,1.0860311183889595,0.96300403601041
816,5,88.0585579466695,4.816413271156591,14.315149192102094,7.849072861360879,14.404047020458028,0.8384841307573331,2.131978073948184,0.9602196531489334
817,5,89.22883203736654,4.857729661133105,14.239785282544908,7.930646971523232,14.4315017321908,0.8354591309618715,1.3106202502993118,0.964154917087878
818,5,90.46734991517816,4.89877530889843,14.164266376537242,8.006439497965417,14.479151596766922,0.8331636472618094,0.4147469727226801,0.9683725047523348
819,5,91.0135993768,4.937655693291529,14.08750567977615,7.906433383094839,14.724536218168138,0.8432815070826573,0.1939312115099798,0.9703876252245668
820,5,91.00458891701518,4.976130336275308,14.0105114662159,7.798412837051625,14.899255284257418,0.852084819612837,0.098658824454736,0.9713848526592536
821,5,88.40436549066597,5.012711519348927,13.93242750759292,7.65299161220278,14.74420175889099,0.8547535781198986,0.5892555168009581,0.967631912585396
822,5,87.06011981349158,5.048616861606367,13.853953222369348,7.560598942502088,14.685570043140988,0.857274171284606,1.0097879892798527,0.9635550940451864
823,5,88.73022073433677,5.08290018590498,13.77454215330436,7.595474805156968,14.858350670470411,0.8594391676276634,1.2621663340771605,0.958700967185732
824,5,90.4012794059296,5.116237863381175,13.69458304839414,7.69621915270276,14.877106359095697,0.8554869546189374,1.425114491249822,0.9611583472949936
825,5,92.0737062928762,5.148224616825347,13.613841035133593,7.891061335806999,14.675826421000792,0.8427958711076637,1.4603052375301346,0.9740607373595634
826,5,92.005207700533,5.178996188516151,13.532392384871876,7.9250633371711965,14.569020106870816,0.8390847750657877,1.5138829857058824,0.977793197548101
827,5,90.38921979326548,5.208687598648405,13.450315612831345,7.816096288099804,14.546190347376337,0.8433558901078207,1.5838047355664615,0.9733746089579428
828,5,89.41139523196237,5.236894538396054,13.367372720378077,7.72071683223276,14.635447654675184,0.8493910844518852,1.5318764400072369,0.9686721316195736
829,5,88.78165976845803,5.264291767024829,13.283957398608768,7.632748790840815,14.785843362043126,0.8563885038697849,1.4134844833099371,0.9638148058730892
830,5,89.41137458877644,5.289935455943869,13.199515602613054,7.711868399460376,14.749668758327326,0.852280831881108,1.7745281060354194,0.9644744346104014
831,5,90.428612573348,5.315039594182992,13.11475796839383,7.842399592698862,14.6560879050473,0.8447562086904076,2.2830903685832955,0.966831587804266
832,5,91.18416478733046,5.338121313712173,13.028812649858946,7.965715543245504,14.600614656087648,0.8379629934700533,1.8143697173628703,0.9651608312835523
833,5,91.9048255652344,5.360933377413361,12.942708973415307,8.088069461433234,14.550222421037375,0.831267299312412,1.2153446776400056,0.9629530201342282
834,4,90.3073503744412,5.3995610020269895,12.778090788665189,8.116604444787075,14.429283596718316,0.8267908128862048,1.3264091853408573,0.9616112462827792
835,4,89.44979580113935,5.41576601592573,12.699151416164993,7.950537343491338,14.578369213151918,0.8377997236690122,1.394171445310175,0.9640249387695528
836,4,88.5922412278375,5.431971029824471,12.620212043664797,7.784470242195602,14.72745482958552,0.8488086344518196,1.461933705279493,0.9664386312563265
837,4,87.88920674720539,5.446380343029717,12.540208369404118,7.706539802920103,14.718942779646024,0.8519706652094122,2.2862633064251394,0.9605403470352172
838,4,87.20677494559591,5.460550229475831,12.460062788242045,7.640360918580637,14.689417707523448,0.8540864452969763,3.2114685530609632,0.9535337992530568
839,4,88.41456952803998,5.473164302108281,12.378992400364538,7.702662905159812,14.667193816749773,0.8509455197258706,2.5718877114253407,0.95835058987836
840,4,90.20397222865438,5.485299662798067,12.297637456574591,7.804497467406262,14.647216443314225,0.8461871462597897,1.4508342272446573,0.9668053307828828
841,4,90.66344239207557,5.496118901900914,12.215497976865857,7.851256867542365,14.619866651981887,0.843557935017583,1.2854098663206956,0.969588610747317
842,4,90.39749480793684,5.506220256501795,12.13293056847414,7.867975270163734,14.588495541796757,0.8420900849883985,1.6412377544458563,0.969278366562612
843,4,89.81999870287393,5.515245014979994,12.049719654952703,7.80912786262742,14.625081614294208,0.8453700419019696,1.5818492305166238,0.96960701625303
844,4,88.96557057921177,5.523312799126919,11.965936736871509,7.683110846062054,14.722074071398396,0.8528702716535457,1.15337945142793,0.9705035716102242
845,4,88.71684255915191,5.530543374825453,11.881652086428891,7.618437860324498,14.78562393092981,0.8570337326588324,1.1381307441405142,0.9679241404796782
846,4,89.33340040138111,5.536577938454857,11.79665067546996,7.641399204340955,14.801398651071551,0.8564303811694204,1.713197853712067,0.9603790143666464
847,4,90.12354192823126,5.542014573375698,11.711290026559904,7.719066882644022,14.7605062695796,0.8520865247215754,2.044650697704495,0.9582532029884252
848,4,91.33028429817176,5.546016179395988,11.62506720656716,7.92802976323495,14.583612844166794,0.8387654563734915,1.7914293043070215,0.9691337469737502
849,4,92.48532827497894,5.54965905905348,11.538628341944069,8.104958061898794,14.464026306322095,0.8282406234633246,1.5369697263111002,0.9779429551896284
850,4,93.3991130838307,5.551627882351252,11.451181269046012,8.132391644902905,14.611871910461916,0.8307648892634368,1.2767319535224204,0.9770859298147556
851,4,94.24357496067483,5.553477135265704,11.363662018552654,8.154472393074633,14.756808865638344,0.8334420338132188,1.0404643975911658,0.976202734766038
852,4,93.97886992539722,5.553413262047048,11.274987926534443,8.090907783928234,14.855207437400429,0.8385652383577178,1.1877203113787194,0.9749008249358032
853,4,93.71416489011962,5.553349388828392,11.186313834516238,8.027343174781834,14.953606009162517,0.8436884429022167,1.334976225166273,0.9735989151055684
854,4,94.37264026030644,5.551372386842853,11.096482375734018,8.137596219606579,14.928326437005138,0.8382669462365919,2.0918263346676653,0.9613576922318922
855,4,95.0888144058348,5.549275814309383,11.006578581529048,8.25871286780452,14.895316980852794,0.8321864057453344,2.8867760814011723,0.9484327622930008
856,4,94.97330545348667,5.545505178511187,10.915659954916872,8.27297625326124,14.786323296627735,0.8287870619913562,2.6518353088160933,0.9563443805019282
857,4,94.67957869445075,5.541375814870547,10.824523864217438,8.264342510987696,14.661047277815667,0.8259622603953664,2.196203710662747,0.9687209733139596
858,4,93.9421612173147,5.535811412489793,10.73251615259043,8.182072558873783,14.637434396026505,0.8291100992486777,1.90050332217962,0.9722797472468152
859,4,93.01987260763694,5.529649077300657,10.640145265576932,8.069120852659717,14.656181154663557,0.8347465382891978,1.671440937725751,0.9721644299800144
860,4,92.65795109185174,5.522290718606199,10.547046616328952,8.029810312242995,14.645435544146276,0.8362884525231429,1.4964069394787765,0.9738811966993752
861,4,92.68828654179134,5.514095143458015,10.453438533516834,8.042048587884414,14.61404527522097,0.8349641993924853,1.359192811576628,0.9768804222090496
862,4,92.57938201615046,5.504942582275023,10.359247161770794,8.04276021615933,14.590061994882875,0.8343405182214567,1.5627209478058757,0.9804064586427964
863,4,92.31383251798154,5.494713411802869,10.264399589974092,8.030504366146927,14.574411576705396,0.8345049805050108,2.1495841311829467,0.9845251573661246
864,4,91.73454171390892,5.483766346168615,10.169113781779858,7.999519984620374,14.542662731669878,0.8351178654436845,2.281913687982711,0.9850504560076544
865,4,90.58005851567953,5.471503139403841,10.073024540190149,7.934199961984542,14.481400104061295,0.8365528585834112,1.580931596057408,0.9789878544992208
866,4,89.494944275964,5.458761212361944,9.976642655769576,7.878759857428437,14.429429636145564,0.8377719155727106,1.1550768588902631,0.971882404364594
867,4,88.6352791514185,5.444463444419395,9.879309682148708,7.855429486631445,14.407658687231605,0.838289180073121,1.6233860246871354,0.9613876961948395
868,4,87.84526424373529,5.429926244952777,9.781830159187331,7.826350243007034,14.394774032163934,0.8392697771702555,2.115377009128585,0.9523635639135006
869,4,87.57762596251925,5.413593309055635,9.68325151617216,7.754154453176969,14.44853658094346,0.8437253687428207,2.784981633404367,0.9543687507952772
870,4,87.3099876813032,5.397260373158493,9.584672873156988,7.681958663346904,14.502299129722989,0.8481809603153858,3.4545862576801487,0.9563739376770538
871,3,88.62807008068843,5.358361758709334,9.373276386957572,7.990755434431016,14.00029150040888,0.8211192286467492,4.1167014342612775,0.972980659840728
872,3,88.3602161289777,5.337956351164467,9.272201124744656,7.966359685527183,14.048784299049728,0.8236598728262113,3.949453038259892,0.9667446372006718
873,3,88.09236217726698,5.317550943619601,9.171125862531738,7.941963936623352,14.097277097690576,0.8262005170056733,3.782204642258506,0.9605086145606156
874,3,88.39789519813964,5.29534778228443,9.06894707012459,8.038272457429834,14.031564994567368,0.8194679575812732,3.7602562460709006,0.9640540598361272
875,3,88.77987981535675,5.272904920443884,8.966621140358209,8.150674880864358,13.950625571208954,0.8114989710096915,3.7576811831917993,0.9689037008337144
876,3,88.39437668560937,5.24890331150333,8.863337768078097,8.142980402390576,13.927137209639287,0.8112529934254389,3.2011576380092697,0.9698849939060256
877,3,87.77272347987291,5.224422088070465,8.759759798101452,8.09833303102193,13.921326097850775,0.813383326298826,2.474188405964147,0.9696760260782518
878,3,87.57178426822145,5.198621294579906,8.655370898500768,8.035816145050939,13.989261215132046,0.8184273819320592,2.611950257301681,0.9600948635880836
879,3,87.60032541697998,5.172100735603332,8.550539673650611,7.963552251115032,14.097421548269562,0.8250607408888446,3.2213836086661214,0.945401594918428
880,3,87.62879580074474,5.144499979649611,8.445044405177109,7.97183485385141,14.060718197867027,0.8235422330653227,3.347747860010029,0.943501546472229
881,3,87.65720328229278,5.115939048605091,8.338958875705078,8.05171434251871,13.895247128762229,0.8147776214370831,3.0447173557801315,0.9529732493357694
882,3,88.05372979321426,5.086537513611419,8.232356506403354,8.1010582302788,13.825535655264105,0.810337920755415,2.7011527620874856,0.9626913161450572
883,3,88.97614063181206,5.055935115833245,8.12501579448778,8.106779831028593,13.89262360406124,0.812076664283135,2.2996823263051995,0.97276133144827
884,3,89.6356805237651,5.02473194900868,8.017305705736716,8.117611500550195,13.94492769033608,0.8131031307123977,2.0181972396195103,0.9796181184037251
885,3,89.66433014377078,4.992086936472773,7.908709112580476,8.140707335124148,13.961750506557422,0.8124201321053631,2.024676990765653,0.9787631573245624
886,3,89.79827616194905,4.959081251406912,7.799890802865259,8.153165832046934,13.994278671338856,0.8127254310054756,2.0716199193660683,0.9781858507174962
887,3,90.42360537159948,4.924392427867923,7.690037815874818,8.115983419930952,14.100098462734048,0.8176427849389404,2.30739100941976,0.9789042649802144
888,3,90.9962611732533,4.889583307271511,7.580110904592073,8.079597331606074,14.199744136629562,0.822339746583718,2.501570054478313,0.9794777229998768
889,3,90.72614244696102,4.852849433756294,7.469001204632466,8.055952423938853,14.200603930530216,0.823510431609499,2.0302763796146426,0.9777318811306472
890,3,90.45602372066874,4.816115560241077,7.357891504672859,8.032307516271633,14.201463724430871,0.82468111663528,1.558982704750972,0.9759860392614178
891,3,90.74778705882376,4.7774557330082885,7.245598904647158,8.110942279696863,14.203823898224506,0.820888511303855,1.4047704387501676,0.9762233466664202
892,3,91.07466802600668,4.738675533668153,7.133232373367328,8.195969522565369,14.206277845761448,0.8167857003251047,1.2703757608032922,0.976584600901062
893,3,90.41648882809896,4.698209048875092,7.019830878501056,8.121098221556082,14.233223697269036,0.8211546348427585,1.554067154562297,0.9745000681186552
894,3,89.54722530910036,4.65738121719926,6.906207605723403,8.011962946858695,14.265417813913189,0.8273389433953562,1.9273484208297047,0.9718914381183096
895,3,88.2544264022976,4.615107058748257,6.791697436907231,7.987927707553374,14.135497600627687,0.8248714347814988,1.9907585213588788,0.9696638357557256
896,3,86.78515441724312,4.572230264140932,6.676817728075008,7.999350816328079,13.9380297498715,0.8187990023482852,1.9250556361637896,0.9675949949088756
897,3,87.07585034940672,4.528147404434046,6.561199250129698,8.105853800110141,13.80807276875406,0.8092724821401642,2.1985952823543786,0.9632927147531768
898,3,88.598523823623,4.483220299157467,6.4450636338052245,8.278912696397356,13.725373396383745,0.7973281004896081,2.7096047005149444,0.957427027081284
899,3,89.41689378862107,4.437327702945548,6.3283373594717744,8.360287794329585,13.69296279137991,0.7919663355867187,3.1221556642570434,0.955593313299938
900,3,89.44292230574868,4.390348929431371,6.210946594878225,8.338518619112454,13.717127049663365,0.7940100145249543,3.4239408667783664,0.9582955701454576
901,3,89.04530573393491,4.342975446949863,6.094357588983749,8.287788341260578,13.726146164243154,0.7971153827248707,3.2818350159974328,0.9622596003945452
902,3,87.87100649906196,4.294878331361581,5.979238474037576,8.183962708578335,13.70739918203289,0.8021671812378687,2.325928900829026,0.9685368818835076
903,3,86.90770290363128,4.2467379215492365,5.865486597372497,8.082655947856493,13.700281696708068,0.8073971427333163,1.580249352713926,0.972806244407943
904,3,86.63013513638803,4.198456805508691,5.756178245120974,7.989535521005951,13.730960076260928,0.8132061339217255,1.517806147522079,0.9705498702976644
905,3,86.38764357750615,4.150154062077816,5.6475556250902335,7.914563734835361,13.75370167429374,0.8178263988562459,1.4403377967633306,0.9683454550161552
906,3,86.4082235813345,4.101689113219468,5.544075996715348,7.9757067537644035,13.716917410926204,0.8135312168866,1.2501808542528212,0.9665307309504184
907,3,86.42880358516283,4.05322416436112,5.440596368340463,8.036849772693447,13.680133147558667,0.8092360349169543,1.060023911742312,0.9647160068846816
908,2,84.5617225138018,3.95020358362558,5.233840402134988,8.002292732135663,13.427519677005291,0.8030123038693034,1.5765063916194504,0.9615948402228086
909,2,84.20194659742535,3.888158110107581,5.117231613914831,7.943585735967253,13.393237128197631,0.8051237789931291,2.4416360931264247,0.9645061206307652
910,2,83.71424320516425,3.826035007532045,5.003109889508529,7.917911339133403,13.341098411113707,0.8047994351199558,2.627756756917734,0.9668341828215566
911,2,82.97068486113389,3.763756646841432,4.893962292729934,7.958302140968674,13.253247357477257,0.7996034532527844,1.455859345277712,0.9679958085780178
912,2,82.73495985415465,3.7013231922800327,4.789798546165537,7.985245141217296,13.18718621268244,0.7958021051393575,1.0917236363760083,0.960680801129218
913,2,82.75315151570098,3.638812190783241,4.688126724708239,8.005464240672595,13.13202002230845,0.7926980739028027,1.1314687788434643,0.9491274770777876
914,2,83.15196231803108,3.576068803388196,4.59394359462492,8.008455981059544,13.182010124706451,0.7942901720449136,2.0947674658184274,0.9510037759770036
915,2,83.67779367316817,3.5132480418698235,4.502260490831612,8.029684038154102,13.209450363655405,0.7940187056426983,2.6490721281908587,0.958724003382924
916,2,84.45766613391919,3.450272532104796,4.415577439618326,8.08738472866387,13.191790875706264,0.7900201101518305,2.385388741358224,0.9781320878022528
917,2,84.98210629450196,3.387142455577863,4.333901100269067,8.153034241926367,13.15843001400425,0.7848650269650667,2.05549321477429,0.9759157497522424
918,2,85.37883030500058,3.323935095669978,4.254728116851823,8.222658166565225,13.1172184654258,0.7791316999303548,1.6924916183147067,0.9628872004675628
919,2,85.77451896672704,3.2604961666234145,4.183073912009262,8.275059068469343,13.121331141427651,0.7760517820524525,2.245929779781135,0.9641357719067704
920,2,86.16987634744841,3.196980144483648,4.113928481107775,8.319485013276253,13.130937134374914,0.773677763804796,2.3634479977930782,0.96491772366993
921,2,86.56457116615955,3.133309936157476,4.049800598088433,8.347961043888752,13.151529761212988,0.7727155448176316,1.6091263288960458,0.9647664360809936
922,2,86.7035840469071,3.069485740839175,3.990694580500249,8.388852172999687,13.116068620274977,0.7686683563661274,1.2047234721115965,0.9678596272254972
923,2,86.71475595867285,3.0055845520248097,3.934099495627645,8.435950851359843,13.05258059544892,0.7630786831824535,0.975280021383439,0.9725750577367206
924,2,87.87276986622625,2.941452690523088,3.885042708717621,8.403319405059115,13.262690922950922,0.7734326819138384,0.4147007325374222,0.969598876938676
925,2,88.2651620716804,2.8772440437545463,3.838500222258442,8.357556810027305,13.37761055398395,0.780832971283466,0.1219504467574624,0.9689859159463208
926,2,87.12631087293602,2.8128818264523643,3.796986336700951,8.285531917533328,13.302148792079024,0.7823258419295791,0.3648581671096196,0.9730993945653442
927,2,87.77278625247075,2.748366255982656,3.760503569770026,8.33356820614746,13.284116160017565,0.7787127000716817,0.4513027520216306,0.969846704477622
928,2,89.31192492114505,2.683774008929184,3.7265363621523866,8.441635085315644,13.294798092877834,0.7725465519617791,0.4595157692135676,0.9629109300365272
929,2,90.08488904992176,2.618952067411612,3.700118841323121,8.579190647267291,13.191428911898155,0.7593743198132187,0.7851676548759032,0.9693793174386244
930,2,90.47473027657394,2.5540536759395,3.67621864593426,8.67885449374296,13.10528226397211,0.749273176617292,0.8632350501198376,0.9735675663157018
931,2,90.09832569897698,2.489002384558305,3.657353101426209,8.702734909266681,13.053580682153331,0.7453142113266327,0.4461334645269671,0.9731955381427404
932,2,89.97649932131934,2.4237984292603727,3.643523279756271,8.717547748405593,13.032099766357527,0.7433247244431754,0.2884197453070012,0.9735203366058908
933,2,89.98196204363136,2.358518142004072,3.6322113195053904,8.727826799352101,13.025729183573208,0.7423199767633192,0.2603999592734888,0.9741935483870968
934,2,91.13528599266373,2.293009222323455,3.628453896817482,8.882748412535435,12.976893799785971,0.7287938817797963,0.1916946291568511,0.9759885793328488
935,2,91.39477566731536,2.2274242161636475,3.627214758269637,8.957395756878613,12.908349017111744,0.7200517884297158,0.1594538216074175,0.9759038750067388
936,2,89.86659679320556,2.161687037045459,3.631012188001917,8.871494563541484,12.800385436663523,0.7208776983465199,0.2001420591923925,0.9720597001369052
937,2,89.61426839236243,2.095797940032757,3.639845973871344,8.867151313335313,12.75844840640356,0.718995545181989,0.3111887328783147,0.9712813027815546
938,2,89.99986522815263,2.0298328840727997,3.651197937809345,8.903587034694622,12.749524651237724,0.7157593604767905,0.4574146246147108,0.9720357941834452
939,1,90.00266211452507,1.9195119831988596,3.6827071735150425,8.85293422510527,12.772912012834732,0.7208388723765374,0.3976364015112864,0.97656691134952
940,1,90.00326825083961,1.8617557892354253,3.7057137017271846,8.836166401148674,12.790079898989832,0.7229785751484213,0.7563554970066637,0.9785858958793324
941,1,89.94829494695958,1.803983169860537,3.729267307677538,8.825838771210371,12.795293773879376,0.723980614235882,1.0473195639863009,0.9804928627445206
942,1,89.28194780093924,1.746029870959648,3.758838768748221,8.886353275473297,12.669013524847784,0.7124683527946871,0.5929783172927969,0.981167635298842
943,1,88.78196873332996,1.6880437823591514,3.7895039486609536,8.944486468198166,12.564238366749812,0.7022749627443633,0.2563055524574307,0.9820594801417
944,1,89.11383005777606,1.6298937452606177,3.8256377227839313,8.990713103232743,12.566988663319936,0.6986759296483951,0.5079751969127535,0.9840366864272412
945,1,89.36219604080976,1.571694617463963,3.863411253256764,9.02519765904585,12.569135518325895,0.695996828772079,0.6964351830077873,0.985519591141397
946,1,89.36007599960625,1.513348217572945,3.9061040527791615,9.02445597719455,12.569472048639357,0.6960775245547197,0.6952661940219543,0.985519591141397
947,1,89.57962022803027,1.454936491461316,3.950981858465312,9.0399370533998,12.57898843124236,0.6953664842844923,0.8207332845387278,0.9848379619042148
948,1,90.24249299570933,1.3963941129084645,4.000229676478962,9.087863645718146,12.60686451842445,0.6930719719085287,1.1994725340607144,0.9827930741926684
949,1,90.48867965751433,1.337770240294701,4.052206757716533,9.093228430179732,12.638852083033637,0.6944764416588316,1.197924105665262,0.9815755388948236
950,1,90.15150577109569,1.2790322759956605,4.1080048074675934,9.039006683641857,12.676595716040756,0.7010594863859078,0.6639729281853989,0.9815162969761614
951,1,90.47965900095032,1.2201967197032602,4.1670751549454845,9.087863786036037,12.661739481267162,0.6959752985131347,1.2072488021808572,0.976748207276827
952,1,91.47313934707827,1.1612635714175004,4.229417800150208,9.239799737362276,12.594283378712852,0.6792238780405124,2.8277517276516413,0.9672712697968204
953,1,91.68905668529844,1.1022168053586625,4.295574296753499,9.256492417497997,12.554022011823609,0.6755032040173728,4.023994412420364,0.964404725097485
954,1,91.34957187501296,1.043088883747626,4.364454972927196,9.176582761069058,12.533185456123698,0.6810902060295779,4.91719406811619,0.9662598895272004
955,1,91.45307399915112,0.9838313930003074,4.437689282936973,9.23381931549815,12.486716251021166,0.6728491644835279,3.7907761152084,0.9675174839233098
956,1,91.77806959050108,0.9245091176848476,4.513100409864791,9.359628975356255,12.427430721217323,0.6576941011583504,1.6545493579988055,0.9684762933026162
957,1,92.35152707383514,0.8650413985687988,4.593402855723506,9.379797070069245,12.508192783536805,0.6613539006316254,0.7807475121379588,0.9712566733198276
958,1,93.00780518783058,0.8055251981858872,4.675335741225853,9.364751309733858,12.635637376564052,0.671285321037718,0.3277539700600347,0.974644243549674
959,1,93.38539277659136,0.7458477583376368,4.762695168120039,9.39941164231542,12.643432601686476,0.6687856067175912,0.2715246958648287,0.972805365751394
960,1,93.70724226030524,0.6861380705963189,4.851139903292593,9.44401319348037,12.627297953227936,0.6637996654522206,0.2946482752461659,0.9699211983474886
961,1,94.02750305344088,0.6262514290430692,4.945543531850575,9.46488725652146,12.600411377509417,0.6601000334579741,0.6605764679767427,0.969430380104884
962,1,94.3476194201603,0.5663487007796438,5.04048887798905,9.483604275187655,12.572547353858168,0.6565173386701935,1.0576687164663414,0.969157139058761
